
Unsorted Random Numbers: 
-------------------------------------------------
 614  323  379  337  298  419  892  891  791   43
 269  349  588  256  457  153  582  205  622  850
 625  762  769    2  144  553  163  957  447  893
 661  389  902  436  743  256  929  663  575  215
  70   87  816  784  846   10  281  814  808  534
  80  559  507  989  367  615  474  538  365  756
 397  524  144  281  205  464   89  190   79  715
 568  560   54  872  571  461  802  703  569  619
 301  583  284  785  584  557  462   86  553  533
 682  400  408   25  703  344  171  656  793  597
 574  224  424  462  862  231  693  468  616  510
 913  678   77  264  225  975  778  897  648  597
 949  882  739  355  354   44  586  490  647   51
 229  612  660  942  774  521  584  324  966  109
 568  784  986    9  888  976  591  488  591  618
 523  166   38  256  783  764  921  639  354  767
  58  946  399  354  402  796  258  705  578   30
 334  904   57  517  235  386  990  911  998  438
 952  968  306  175  396  816  758  756  455  503
 110  983  492  197  766  929  520  123  596   46
 173  557  742   53  836  108  188  723  374   55
 759  384  373  834  986  306  870  746  768  905
 418  207  271  387  309  611  955  584   86  130
 589  640  433  834  525  276  313  829  382  995
   2  109  809  102  717  280  869  374  277  252
 614    4  859  261  795  217  141   92  285  855
 292  202  276  720  461  581  412  205  712  130
 200  546  872  644  317   48  738  243  803  491
 937  569  791  293  713  281  724  850  819  801
   4  422  681  594  313  812   27  309  361  921
 912   96  338   15  952  874  610  430  306  299
 946  368  906  487  955  228  270  828  642  727
 680  618  288  717  686  971  133   45  241  787
 262   22  915  458  501  412  180  415  712  136
 646  967  772  783  744  751  923   18  472  566
 907  654  797  286  474  388   91  404  479  148
 344  806  395  789  535  350    7   40  531   68
 807   38  102  872  528  647  978  432  974  781
 848  334  729  737  511  734  593  764  568  375
 640  143  920  951  502  951   13  316  419  571
 948  961  776  225  674  813  311  401  409  858
 316   87  278  381  860  678  369  217  605  387
 373  465  214  192  984  294  257  450  173  541
 142  278  344  941  658  463  641  463  991  851
 573  151   86   22   66   58   58  551  186   16
 167  554  649  204  115  982   58  698  724  216
 494   81  130  959  671  185  190  737  245  902
 986  406  206  917   43  588  563  894  469  187
 513  899   94  706  429  992  798  104  164   52
 197  856  506  167  878  319  849  124  266  784
 308  385  560  770  852  556  483  536  547  592
 476   89  639  425  131  569  561  404   32  680
 295   35  134  961  927  440  962  358  533  679
 248  482  239  272  984   15  255  261   23  762
 376  961  544  291  356  714  948  249  317  121
 128  965  483  584  150  573   62  411  735  909
 117   97  656    1  334  100  378  278  662  943
 278  449  531  985  448  192  192  840  683  136
 785  999  478  743  192  122  558  947  567  769
 628  402  263  115  168  652  312  813  870   61
  58  612  792  463  148  519  508  256  642  200
  95  768  940   69  482  934  157  170  597  555
 218   73   81  639  604  492  930  498  407  226
 669  166  163  993  733  347  178  596  589  547
 244  453  177  968  648  699  157  754  620  967
 435  317  214  292  919  410   44  550  245   53
  41  564  294  759  737  608  270  165  463  119
 633  961  732  276  312  935  123  970  526  555
 555  546  936  369   37   33  437  717  918  326
 114  276  991  691  809   74  971    1  194  125
 193  169  130  226  115  608  580  159  166  298
 926  217  907  963  125  831  357  850  547  783
 372  422  928  111  153  646  822  174  563  972
 762  724  985  233  112  903  369  943  990   39
   1  810    4  525  124  297  953  735  663  860
 938  735  748  462  311  950    6  341  790  491
 247  880  389  832  735  136  922  150  206   33
 245  191  435  971  720  253  925  117  301  866
 330  665  841  535  895  558  279  633  456   97
 409  520  424  573  955  610  763  645  448  192
 145  888  673  447  398  957  346  618 1000   86
 511  686  856  969  568  206  165  380  545  752
 221  874  989  359  302  924  196  130  276  705
 426  390  603   73  370  623  936  278  163  597
   3  589  322  180  855  115  743  604  646  627
 980  811  142  807  852  399   56  365  617  449
 763  828  601  630  572  878  289  216  218  393
 298  764  863   33  395  477  297  624  999  185
 161  249  921   66  483  905  397  400  600  815
 345   69  440  773  260  402  476  687   77  936
 532  396  191  833   12  619  628  919  268  888
 815  237  271  455   95  453  324  815  569  722
 348  987  204  712   35  101  307  792   11  836
  78  480  517  256  291   42  849  802    4  372
 745  242  216  416   40  780  462  125   96  130
 622  789  453  848  947  312  236  851  655  490
 609  220  565  224  935  884  893  233  280  600
 275  610  287  126  769  138  268  480  838  984
 657   10  358  858  803  391  253  255   11  400
 527  711  205  759  737  529  200  529   69  845


Unsorted Nearly Ordered Numbers: 
-------------------------------------------------
   0    1    2    3    4    5    6    7    8    9
   5   11   12   13   14   15   16   17   18   19
  15   21   22   23   24   25   26   27   28   29
  25   31   32   33   34   35   36   37   38   39
  35   41   42   43   44   45   46   47   48   49
  45   51   52   53   54   55   56   57   58   59
  55   61   62   63   64   65   66   67   68   69
  65   71   72   73   74   75   76   77   78   79
  75   81   82   83   84   85   86   87   88   89
  85   91   92   93   94   95   96   97   98   99
  95  101  102  103  104  105  106  107  108  109
 105  111  112  113  114  115  116  117  118  119
 115  121  122  123  124  125  126  127  128  129
 125  131  132  133  134  135  136  137  138  139
 135  141  142  143  144  145  146  147  148  149
 145  151  152  153  154  155  156  157  158  159
 155  161  162  163  164  165  166  167  168  169
 165  171  172  173  174  175  176  177  178  179
 175  181  182  183  184  185  186  187  188  189
 185  191  192  193  194  195  196  197  198  199
 195  201  202  203  204  205  206  207  208  209
 205  211  212  213  214  215  216  217  218  219
 215  221  222  223  224  225  226  227  228  229
 225  231  232  233  234  235  236  237  238  239
 235  241  242  243  244  245  246  247  248  249
 245  251  252  253  254  255  256  257  258  259
 255  261  262  263  264  265  266  267  268  269
 265  271  272  273  274  275  276  277  278  279
 275  281  282  283  284  285  286  287  288  289
 285  291  292  293  294  295  296  297  298  299
 295  301  302  303  304  305  306  307  308  309
 305  311  312  313  314  315  316  317  318  319
 315  321  322  323  324  325  326  327  328  329
 325  331  332  333  334  335  336  337  338  339
 335  341  342  343  344  345  346  347  348  349
 345  351  352  353  354  355  356  357  358  359
 355  361  362  363  364  365  366  367  368  369
 365  371  372  373  374  375  376  377  378  379
 375  381  382  383  384  385  386  387  388  389
 385  391  392  393  394  395  396  397  398  399
 395  401  402  403  404  405  406  407  408  409
 405  411  412  413  414  415  416  417  418  419
 415  421  422  423  424  425  426  427  428  429
 425  431  432  433  434  435  436  437  438  439
 435  441  442  443  444  445  446  447  448  449
 445  451  452  453  454  455  456  457  458  459
 455  461  462  463  464  465  466  467  468  469
 465  471  472  473  474  475  476  477  478  479
 475  481  482  483  484  485  486  487  488  489
 485  491  492  493  494  495  496  497  498  499
 495  501  502  503  504  505  506  507  508  509
 505  511  512  513  514  515  516  517  518  519
 515  521  522  523  524  525  526  527  528  529
 525  531  532  533  534  535  536  537  538  539
 535  541  542  543  544  545  546  547  548  549
 545  551  552  553  554  555  556  557  558  559
 555  561  562  563  564  565  566  567  568  569
 565  571  572  573  574  575  576  577  578  579
 575  581  582  583  584  585  586  587  588  589
 585  591  592  593  594  595  596  597  598  599
 595  601  602  603  604  605  606  607  608  609
 605  611  612  613  614  615  616  617  618  619
 615  621  622  623  624  625  626  627  628  629
 625  631  632  633  634  635  636  637  638  639
 635  641  642  643  644  645  646  647  648  649
 645  651  652  653  654  655  656  657  658  659
 655  661  662  663  664  665  666  667  668  669
 665  671  672  673  674  675  676  677  678  679
 675  681  682  683  684  685  686  687  688  689
 685  691  692  693  694  695  696  697  698  699
 695  701  702  703  704  705  706  707  708  709
 705  711  712  713  714  715  716  717  718  719
 715  721  722  723  724  725  726  727  728  729
 725  731  732  733  734  735  736  737  738  739
 735  741  742  743  744  745  746  747  748  749
 745  751  752  753  754  755  756  757  758  759
 755  761  762  763  764  765  766  767  768  769
 765  771  772  773  774  775  776  777  778  779
 775  781  782  783  784  785  786  787  788  789
 785  791  792  793  794  795  796  797  798  799
 795  801  802  803  804  805  806  807  808  809
 805  811  812  813  814  815  816  817  818  819
 815  821  822  823  824  825  826  827  828  829
 825  831  832  833  834  835  836  837  838  839
 835  841  842  843  844  845  846  847  848  849
 845  851  852  853  854  855  856  857  858  859
 855  861  862  863  864  865  866  867  868  869
 865  871  872  873  874  875  876  877  878  879
 875  881  882  883  884  885  886  887  888  889
 885  891  892  893  894  895  896  897  898  899
 895  901  902  903  904  905  906  907  908  909
 905  911  912  913  914  915  916  917  918  919
 915  921  922  923  924  925  926  927  928  929
 925  931  932  933  934  935  936  937  938  939
 935  941  942  943  944  945  946  947  948  949
 945  951  952  953  954  955  956  957  958  959
 955  961  962  963  964  965  966  967  968  969
 965  971  972  973  974  975  976  977  978  979
 975  981  982  983  984  985  986  987  988  989
 985  991  992  993  994  995  996  997  998  999


Selection Sorted Random Numbers: 
-------------------------------------------------
   1    1    1    2    2    3    4    4    4    4
   6    7    9   10   10   11   11   12   13   15
  15   16   18   22   22   23   25   27   30   32
  33   33   33   35   35   37   38   38   39   40
  40   41   42   43   43   44   44   45   46   48
  51   52   53   53   54   55   56   57   58   58
  58   58   58   61   62   66   66   68   69   69
  69   70   73   73   74   77   77   78   79   80
  81   81   86   86   86   86   87   87   89   89
  91   92   94   95   95   96   96   97   97  100
 101  102  102  104  108  109  109  110  111  112
 114  115  115  115  115  117  117  119  121  122
 123  123  124  124  125  125  125  126  128  130
 130  130  130  130  130  131  133  134  136  136
 136  138  141  142  142  143  144  144  145  148
 148  150  150  151  153  153  157  157  159  161
 163  163  163  164  165  165  166  166  166  167
 167  168  169  170  171  173  173  174  175  177
 178  180  180  185  185  186  187  188  190  190
 191  191  192  192  192  192  192  193  194  196
 197  197  200  200  200  202  204  204  205  205
 205  205  206  206  206  207  214  214  215  216
 216  216  217  217  217  218  218  220  221  224
 224  225  225  226  226  228  229  231  233  233
 235  236  237  239  241  242  243  244  245  245
 245  247  248  249  249  252  253  253  255  255
 256  256  256  256  256  257  258  260  261  261
 262  263  264  266  268  268  269  270  270  271
 271  272  275  276  276  276  276  276  277  278
 278  278  278  278  279  280  280  281  281  281
 284  285  286  287  288  289  291  291  292  292
 293  294  294  295  297  297  298  298  298  299
 301  301  302  306  306  306  307  308  309  309
 311  311  312  312  312  313  313  316  316  317
 317  317  319  322  323  324  324  326  330  334
 334  334  337  338  341  344  344  344  345  346
 347  348  349  350  354  354  354  355  356  357
 358  358  359  361  365  365  367  368  369  369
 369  370  372  372  373  373  374  374  375  376
 378  379  380  381  382  384  385  386  387  387
 388  389  389  390  391  393  395  395  396  396
 397  397  398  399  399  400  400  400  401  402
 402  402  404  404  406  407  408  409  409  410
 411  412  412  415  416  418  419  419  422  422
 424  424  425  426  429  430  432  433  435  435
 436  437  438  440  440  447  447  448  448  449
 449  450  453  453  453  455  455  456  457  458
 461  461  462  462  462  462  463  463  463  463
 464  465  468  469  472  474  474  476  476  477
 478  479  480  480  482  482  483  483  483  487
 488  490  490  491  491  492  492  494  498  501
 502  503  506  507  508  510  511  511  513  517
 517  519  520  520  521  523  524  525  525  526
 527  528  529  529  531  531  532  533  533  534
 535  535  536  538  541  544  545  546  546  547
 547  547  550  551  553  553  554  555  555  555
 556  557  557  558  558  559  560  560  561  563
 563  564  565  566  567  568  568  568  568  569
 569  569  569  571  571  572  573  573  573  574
 575  578  580  581  582  583  584  584  584  584
 586  588  588  589  589  589  591  591  592  593
 594  596  596  597  597  597  597  600  600  601
 603  604  604  605  608  608  609  610  610  610
 611  612  612  614  614  615  616  617  618  618
 618  619  619  620  622  622  623  624  625  627
 628  628  630  633  633  639  639  639  640  640
 641  642  642  644  645  646  646  646  647  647
 648  648  649  652  654  655  656  656  657  658
 660  661  662  663  663  665  669  671  673  674
 678  678  679  680  680  681  682  683  686  686
 687  691  693  698  699  703  703  705  705  706
 711  712  712  712  713  714  715  717  717  717
 720  720  722  723  724  724  724  727  729  732
 733  734  735  735  735  735  737  737  737  737
 738  739  742  743  743  743  744  745  746  748
 751  752  754  756  756  758  759  759  759  762
 762  762  763  763  764  764  764  766  767  768
 768  769  769  769  770  772  773  774  776  778
 780  781  783  783  783  784  784  784  785  785
 787  789  789  790  791  791  792  792  793  795
 796  797  798  801  802  802  803  803  806  807
 807  808  809  809  810  811  812  813  813  814
 815  815  815  816  816  819  822  828  828  829
 831  832  833  834  834  836  836  838  840  841
 845  846  848  848  849  849  850  850  850  851
 851  852  852  855  855  856  856  858  858  859
 860  860  862  863  866  869  870  870  872  872
 872  874  874  878  878  880  882  884  888  888
 888  891  892  893  893  894  895  897  899  902
 902  903  904  905  905  906  907  907  909  911
 912  913  915  917  918  919  919  920  921  921
 921  922  923  924  925  926  927  928  929  929
 930  934  935  935  936  936  936  937  938  940
 941  942  943  943  946  946  947  947  948  948
 949  950  951  951  952  952  953  955  955  955
 957  957  959  961  961  961  961  962  963  965
 966  967  967  968  968  969  970  971  971  971
 972  974  975  976  978  980  982  983  984  984
 984  985  985  986  986  986  987  989  989  990
 990  991  991  992  993  995  998  999  999 1000

Moves:   6217		      Comparisons: 499500


Selection Sorted Nearly Ordered Numbers: 
-------------------------------------------------
   0    1    2    3    4    5    5    6    7    8
   9   11   12   13   14   15   15   16   17   18
  19   21   22   23   24   25   25   26   27   28
  29   31   32   33   34   35   35   36   37   38
  39   41   42   43   44   45   45   46   47   48
  49   51   52   53   54   55   55   56   57   58
  59   61   62   63   64   65   65   66   67   68
  69   71   72   73   74   75   75   76   77   78
  79   81   82   83   84   85   85   86   87   88
  89   91   92   93   94   95   95   96   97   98
  99  101  102  103  104  105  105  106  107  108
 109  111  112  113  114  115  115  116  117  118
 119  121  122  123  124  125  125  126  127  128
 129  131  132  133  134  135  135  136  137  138
 139  141  142  143  144  145  145  146  147  148
 149  151  152  153  154  155  155  156  157  158
 159  161  162  163  164  165  165  166  167  168
 169  171  172  173  174  175  175  176  177  178
 179  181  182  183  184  185  185  186  187  188
 189  191  192  193  194  195  195  196  197  198
 199  201  202  203  204  205  205  206  207  208
 209  211  212  213  214  215  215  216  217  218
 219  221  222  223  224  225  225  226  227  228
 229  231  232  233  234  235  235  236  237  238
 239  241  242  243  244  245  245  246  247  248
 249  251  252  253  254  255  255  256  257  258
 259  261  262  263  264  265  265  266  267  268
 269  271  272  273  274  275  275  276  277  278
 279  281  282  283  284  285  285  286  287  288
 289  291  292  293  294  295  295  296  297  298
 299  301  302  303  304  305  305  306  307  308
 309  311  312  313  314  315  315  316  317  318
 319  321  322  323  324  325  325  326  327  328
 329  331  332  333  334  335  335  336  337  338
 339  341  342  343  344  345  345  346  347  348
 349  351  352  353  354  355  355  356  357  358
 359  361  362  363  364  365  365  366  367  368
 369  371  372  373  374  375  375  376  377  378
 379  381  382  383  384  385  385  386  387  388
 389  391  392  393  394  395  395  396  397  398
 399  401  402  403  404  405  405  406  407  408
 409  411  412  413  414  415  415  416  417  418
 419  421  422  423  424  425  425  426  427  428
 429  431  432  433  434  435  435  436  437  438
 439  441  442  443  444  445  445  446  447  448
 449  451  452  453  454  455  455  456  457  458
 459  461  462  463  464  465  465  466  467  468
 469  471  472  473  474  475  475  476  477  478
 479  481  482  483  484  485  485  486  487  488
 489  491  492  493  494  495  495  496  497  498
 499  501  502  503  504  505  505  506  507  508
 509  511  512  513  514  515  515  516  517  518
 519  521  522  523  524  525  525  526  527  528
 529  531  532  533  534  535  535  536  537  538
 539  541  542  543  544  545  545  546  547  548
 549  551  552  553  554  555  555  556  557  558
 559  561  562  563  564  565  565  566  567  568
 569  571  572  573  574  575  575  576  577  578
 579  581  582  583  584  585  585  586  587  588
 589  591  592  593  594  595  595  596  597  598
 599  601  602  603  604  605  605  606  607  608
 609  611  612  613  614  615  615  616  617  618
 619  621  622  623  624  625  625  626  627  628
 629  631  632  633  634  635  635  636  637  638
 639  641  642  643  644  645  645  646  647  648
 649  651  652  653  654  655  655  656  657  658
 659  661  662  663  664  665  665  666  667  668
 669  671  672  673  674  675  675  676  677  678
 679  681  682  683  684  685  685  686  687  688
 689  691  692  693  694  695  695  696  697  698
 699  701  702  703  704  705  705  706  707  708
 709  711  712  713  714  715  715  716  717  718
 719  721  722  723  724  725  725  726  727  728
 729  731  732  733  734  735  735  736  737  738
 739  741  742  743  744  745  745  746  747  748
 749  751  752  753  754  755  755  756  757  758
 759  761  762  763  764  765  765  766  767  768
 769  771  772  773  774  775  775  776  777  778
 779  781  782  783  784  785  785  786  787  788
 789  791  792  793  794  795  795  796  797  798
 799  801  802  803  804  805  805  806  807  808
 809  811  812  813  814  815  815  816  817  818
 819  821  822  823  824  825  825  826  827  828
 829  831  832  833  834  835  835  836  837  838
 839  841  842  843  844  845  845  846  847  848
 849  851  852  853  854  855  855  856  857  858
 859  861  862  863  864  865  865  866  867  868
 869  871  872  873  874  875  875  876  877  878
 879  881  882  883  884  885  885  886  887  888
 889  891  892  893  894  895  895  896  897  898
 899  901  902  903  904  905  905  906  907  908
 909  911  912  913  914  915  915  916  917  918
 919  921  922  923  924  925  925  926  927  928
 929  931  932  933  934  935  935  936  937  938
 939  941  942  943  944  945  945  946  947  948
 949  951  952  953  954  955  955  956  957  958
 959  961  962  963  964  965  965  966  967  968
 969  971  972  973  974  975  975  976  977  978
 979  981  982  983  984  985  985  986  987  988
 989  991  992  993  994  995  996  997  998  999

Moves:   1395		      Comparisons: 499500


Bubble Sorted Random Numbers: 
-------------------------------------------------
   1    1    1    2    2    3    4    4    4    4
   6    7    9   10   10   11   11   12   13   15
  15   16   18   22   22   23   25   27   30   32
  33   33   33   35   35   37   38   38   39   40
  40   41   42   43   43   44   44   45   46   48
  51   52   53   53   54   55   56   57   58   58
  58   58   58   61   62   66   66   68   69   69
  69   70   73   73   74   77   77   78   79   80
  81   81   86   86   86   86   87   87   89   89
  91   92   94   95   95   96   96   97   97  100
 101  102  102  104  108  109  109  110  111  112
 114  115  115  115  115  117  117  119  121  122
 123  123  124  124  125  125  125  126  128  130
 130  130  130  130  130  131  133  134  136  136
 136  138  141  142  142  143  144  144  145  148
 148  150  150  151  153  153  157  157  159  161
 163  163  163  164  165  165  166  166  166  167
 167  168  169  170  171  173  173  174  175  177
 178  180  180  185  185  186  187  188  190  190
 191  191  192  192  192  192  192  193  194  196
 197  197  200  200  200  202  204  204  205  205
 205  205  206  206  206  207  214  214  215  216
 216  216  217  217  217  218  218  220  221  224
 224  225  225  226  226  228  229  231  233  233
 235  236  237  239  241  242  243  244  245  245
 245  247  248  249  249  252  253  253  255  255
 256  256  256  256  256  257  258  260  261  261
 262  263  264  266  268  268  269  270  270  271
 271  272  275  276  276  276  276  276  277  278
 278  278  278  278  279  280  280  281  281  281
 284  285  286  287  288  289  291  291  292  292
 293  294  294  295  297  297  298  298  298  299
 301  301  302  306  306  306  307  308  309  309
 311  311  312  312  312  313  313  316  316  317
 317  317  319  322  323  324  324  326  330  334
 334  334  337  338  341  344  344  344  345  346
 347  348  349  350  354  354  354  355  356  357
 358  358  359  361  365  365  367  368  369  369
 369  370  372  372  373  373  374  374  375  376
 378  379  380  381  382  384  385  386  387  387
 388  389  389  390  391  393  395  395  396  396
 397  397  398  399  399  400  400  400  401  402
 402  402  404  404  406  407  408  409  409  410
 411  412  412  415  416  418  419  419  422  422
 424  424  425  426  429  430  432  433  435  435
 436  437  438  440  440  447  447  448  448  449
 449  450  453  453  453  455  455  456  457  458
 461  461  462  462  462  462  463  463  463  463
 464  465  468  469  472  474  474  476  476  477
 478  479  480  480  482  482  483  483  483  487
 488  490  490  491  491  492  492  494  498  501
 502  503  506  507  508  510  511  511  513  517
 517  519  520  520  521  523  524  525  525  526
 527  528  529  529  531  531  532  533  533  534
 535  535  536  538  541  544  545  546  546  547
 547  547  550  551  553  553  554  555  555  555
 556  557  557  558  558  559  560  560  561  563
 563  564  565  566  567  568  568  568  568  569
 569  569  569  571  571  572  573  573  573  574
 575  578  580  581  582  583  584  584  584  584
 586  588  588  589  589  589  591  591  592  593
 594  596  596  597  597  597  597  600  600  601
 603  604  604  605  608  608  609  610  610  610
 611  612  612  614  614  615  616  617  618  618
 618  619  619  620  622  622  623  624  625  627
 628  628  630  633  633  639  639  639  640  640
 641  642  642  644  645  646  646  646  647  647
 648  648  649  652  654  655  656  656  657  658
 660  661  662  663  663  665  669  671  673  674
 678  678  679  680  680  681  682  683  686  686
 687  691  693  698  699  703  703  705  705  706
 711  712  712  712  713  714  715  717  717  717
 720  720  722  723  724  724  724  727  729  732
 733  734  735  735  735  735  737  737  737  737
 738  739  742  743  743  743  744  745  746  748
 751  752  754  756  756  758  759  759  759  762
 762  762  763  763  764  764  764  766  767  768
 768  769  769  769  770  772  773  774  776  778
 780  781  783  783  783  784  784  784  785  785
 787  789  789  790  791  791  792  792  793  795
 796  797  798  801  802  802  803  803  806  807
 807  808  809  809  810  811  812  813  813  814
 815  815  815  816  816  819  822  828  828  829
 831  832  833  834  834  836  836  838  840  841
 845  846  848  848  849  849  850  850  850  851
 851  852  852  855  855  856  856  858  858  859
 860  860  862  863  866  869  870  870  872  872
 872  874  874  878  878  880  882  884  888  888
 888  891  892  893  893  894  895  897  899  902
 902  903  904  905  905  906  907  907  909  911
 912  913  915  917  918  919  919  920  921  921
 921  922  923  924  925  926  927  928  929  929
 930  934  935  935  936  936  936  937  938  940
 941  942  943  943  946  946  947  947  948  948
 949  950  951  951  952  952  953  955  955  955
 957  957  959  961  961  961  961  962  963  965
 966  967  967  968  968  969  970  971  971  971
 972  974  975  976  978  980  982  983  984  984
 984  985  985  986  986  986  987  989  989  990
 990  991  991  992  993  995  998  999  999 1000

Moves: 254888		      Comparisons: 499500


Bubble Sorted Nearly Ordered Numbers: 
-------------------------------------------------
   0    1    2    3    4    5    5    6    7    8
   9   11   12   13   14   15   15   16   17   18
  19   21   22   23   24   25   25   26   27   28
  29   31   32   33   34   35   35   36   37   38
  39   41   42   43   44   45   45   46   47   48
  49   51   52   53   54   55   55   56   57   58
  59   61   62   63   64   65   65   66   67   68
  69   71   72   73   74   75   75   76   77   78
  79   81   82   83   84   85   85   86   87   88
  89   91   92   93   94   95   95   96   97   98
  99  101  102  103  104  105  105  106  107  108
 109  111  112  113  114  115  115  116  117  118
 119  121  122  123  124  125  125  126  127  128
 129  131  132  133  134  135  135  136  137  138
 139  141  142  143  144  145  145  146  147  148
 149  151  152  153  154  155  155  156  157  158
 159  161  162  163  164  165  165  166  167  168
 169  171  172  173  174  175  175  176  177  178
 179  181  182  183  184  185  185  186  187  188
 189  191  192  193  194  195  195  196  197  198
 199  201  202  203  204  205  205  206  207  208
 209  211  212  213  214  215  215  216  217  218
 219  221  222  223  224  225  225  226  227  228
 229  231  232  233  234  235  235  236  237  238
 239  241  242  243  244  245  245  246  247  248
 249  251  252  253  254  255  255  256  257  258
 259  261  262  263  264  265  265  266  267  268
 269  271  272  273  274  275  275  276  277  278
 279  281  282  283  284  285  285  286  287  288
 289  291  292  293  294  295  295  296  297  298
 299  301  302  303  304  305  305  306  307  308
 309  311  312  313  314  315  315  316  317  318
 319  321  322  323  324  325  325  326  327  328
 329  331  332  333  334  335  335  336  337  338
 339  341  342  343  344  345  345  346  347  348
 349  351  352  353  354  355  355  356  357  358
 359  361  362  363  364  365  365  366  367  368
 369  371  372  373  374  375  375  376  377  378
 379  381  382  383  384  385  385  386  387  388
 389  391  392  393  394  395  395  396  397  398
 399  401  402  403  404  405  405  406  407  408
 409  411  412  413  414  415  415  416  417  418
 419  421  422  423  424  425  425  426  427  428
 429  431  432  433  434  435  435  436  437  438
 439  441  442  443  444  445  445  446  447  448
 449  451  452  453  454  455  455  456  457  458
 459  461  462  463  464  465  465  466  467  468
 469  471  472  473  474  475  475  476  477  478
 479  481  482  483  484  485  485  486  487  488
 489  491  492  493  494  495  495  496  497  498
 499  501  502  503  504  505  505  506  507  508
 509  511  512  513  514  515  515  516  517  518
 519  521  522  523  524  525  525  526  527  528
 529  531  532  533  534  535  535  536  537  538
 539  541  542  543  544  545  545  546  547  548
 549  551  552  553  554  555  555  556  557  558
 559  561  562  563  564  565  565  566  567  568
 569  571  572  573  574  575  575  576  577  578
 579  581  582  583  584  585  585  586  587  588
 589  591  592  593  594  595  595  596  597  598
 599  601  602  603  604  605  605  606  607  608
 609  611  612  613  614  615  615  616  617  618
 619  621  622  623  624  625  625  626  627  628
 629  631  632  633  634  635  635  636  637  638
 639  641  642  643  644  645  645  646  647  648
 649  651  652  653  654  655  655  656  657  658
 659  661  662  663  664  665  665  666  667  668
 669  671  672  673  674  675  675  676  677  678
 679  681  682  683  684  685  685  686  687  688
 689  691  692  693  694  695  695  696  697  698
 699  701  702  703  704  705  705  706  707  708
 709  711  712  713  714  715  715  716  717  718
 719  721  722  723  724  725  725  726  727  728
 729  731  732  733  734  735  735  736  737  738
 739  741  742  743  744  745  745  746  747  748
 749  751  752  753  754  755  755  756  757  758
 759  761  762  763  764  765  765  766  767  768
 769  771  772  773  774  775  775  776  777  778
 779  781  782  783  784  785  785  786  787  788
 789  791  792  793  794  795  795  796  797  798
 799  801  802  803  804  805  805  806  807  808
 809  811  812  813  814  815  815  816  817  818
 819  821  822  823  824  825  825  826  827  828
 829  831  832  833  834  835  835  836  837  838
 839  841  842  843  844  845  845  846  847  848
 849  851  852  853  854  855  855  856  857  858
 859  861  862  863  864  865  865  866  867  868
 869  871  872  873  874  875  875  876  877  878
 879  881  882  883  884  885  885  886  887  888
 889  891  892  893  894  895  895  896  897  898
 899  901  902  903  904  905  905  906  907  908
 909  911  912  913  914  915  915  916  917  918
 919  921  922  923  924  925  925  926  927  928
 929  931  932  933  934  935  935  936  937  938
 939  941  942  943  944  945  945  946  947  948
 949  951  952  953  954  955  955  956  957  958
 959  961  962  963  964  965  965  966  967  968
 969  971  972  973  974  975  975  976  977  978
 979  981  982  983  984  985  985  986  987  988
 989  991  992  993  994  995  996  997  998  999

Moves:    396		      Comparisons: 499500


Insertion Sorted Random Numbers: 
-------------------------------------------------
   1    1    1    2    2    3    4    4    4    4
   6    7    9   10   10   11   11   12   13   15
  15   16   18   22   22   23   25   27   30   32
  33   33   33   35   35   37   38   38   39   40
  40   41   42   43   43   44   44   45   46   48
  51   52   53   53   54   55   56   57   58   58
  58   58   58   61   62   66   66   68   69   69
  69   70   73   73   74   77   77   78   79   80
  81   81   86   86   86   86   87   87   89   89
  91   92   94   95   95   96   96   97   97  100
 101  102  102  104  108  109  109  110  111  112
 114  115  115  115  115  117  117  119  121  122
 123  123  124  124  125  125  125  126  128  130
 130  130  130  130  130  131  133  134  136  136
 136  138  141  142  142  143  144  144  145  148
 148  150  150  151  153  153  157  157  159  161
 163  163  163  164  165  165  166  166  166  167
 167  168  169  170  171  173  173  174  175  177
 178  180  180  185  185  186  187  188  190  190
 191  191  192  192  192  192  192  193  194  196
 197  197  200  200  200  202  204  204  205  205
 205  205  206  206  206  207  214  214  215  216
 216  216  217  217  217  218  218  220  221  224
 224  225  225  226  226  228  229  231  233  233
 235  236  237  239  241  242  243  244  245  245
 245  247  248  249  249  252  253  253  255  255
 256  256  256  256  256  257  258  260  261  261
 262  263  264  266  268  268  269  270  270  271
 271  272  275  276  276  276  276  276  277  278
 278  278  278  278  279  280  280  281  281  281
 284  285  286  287  288  289  291  291  292  292
 293  294  294  295  297  297  298  298  298  299
 301  301  302  306  306  306  307  308  309  309
 311  311  312  312  312  313  313  316  316  317
 317  317  319  322  323  324  324  326  330  334
 334  334  337  338  341  344  344  344  345  346
 347  348  349  350  354  354  354  355  356  357
 358  358  359  361  365  365  367  368  369  369
 369  370  372  372  373  373  374  374  375  376
 378  379  380  381  382  384  385  386  387  387
 388  389  389  390  391  393  395  395  396  396
 397  397  398  399  399  400  400  400  401  402
 402  402  404  404  406  407  408  409  409  410
 411  412  412  415  416  418  419  419  422  422
 424  424  425  426  429  430  432  433  435  435
 436  437  438  440  440  447  447  448  448  449
 449  450  453  453  453  455  455  456  457  458
 461  461  462  462  462  462  463  463  463  463
 464  465  468  469  472  474  474  476  476  477
 478  479  480  480  482  482  483  483  483  487
 488  490  490  491  491  492  492  494  498  501
 502  503  506  507  508  510  511  511  513  517
 517  519  520  520  521  523  524  525  525  526
 527  528  529  529  531  531  532  533  533  534
 535  535  536  538  541  544  545  546  546  547
 547  547  550  551  553  553  554  555  555  555
 556  557  557  558  558  559  560  560  561  563
 563  564  565  566  567  568  568  568  568  569
 569  569  569  571  571  572  573  573  573  574
 575  578  580  581  582  583  584  584  584  584
 586  588  588  589  589  589  591  591  592  593
 594  596  596  597  597  597  597  600  600  601
 603  604  604  605  608  608  609  610  610  610
 611  612  612  614  614  615  616  617  618  618
 618  619  619  620  622  622  623  624  625  627
 628  628  630  633  633  639  639  639  640  640
 641  642  642  644  645  646  646  646  647  647
 648  648  649  652  654  655  656  656  657  658
 660  661  662  663  663  665  669  671  673  674
 678  678  679  680  680  681  682  683  686  686
 687  691  693  698  699  703  703  705  705  706
 711  712  712  712  713  714  715  717  717  717
 720  720  722  723  724  724  724  727  729  732
 733  734  735  735  735  735  737  737  737  737
 738  739  742  743  743  743  744  745  746  748
 751  752  754  756  756  758  759  759  759  762
 762  762  763  763  764  764  764  766  767  768
 768  769  769  769  770  772  773  774  776  778
 780  781  783  783  783  784  784  784  785  785
 787  789  789  790  791  791  792  792  793  795
 796  797  798  801  802  802  803  803  806  807
 807  808  809  809  810  811  812  813  813  814
 815  815  815  816  816  819  822  828  828  829
 831  832  833  834  834  836  836  838  840  841
 845  846  848  848  849  849  850  850  850  851
 851  852  852  855  855  856  856  858  858  859
 860  860  862  863  866  869  870  870  872  872
 872  874  874  878  878  880  882  884  888  888
 888  891  892  893  893  894  895  897  899  902
 902  903  904  905  905  906  907  907  909  911
 912  913  915  917  918  919  919  920  921  921
 921  922  923  924  925  926  927  928  929  929
 930  934  935  935  936  936  936  937  938  940
 941  942  943  943  946  946  947  947  948  948
 949  950  951  951  952  952  953  955  955  955
 957  957  959  961  961  961  961  962  963  965
 966  967  967  968  968  969  970  971  971  971
 972  974  975  976  978  980  982  983  984  984
 984  985  985  986  986  986  987  989  989  990
 990  991  991  992  993  995  998  999  999 1000

Moves: 254888		      Comparisons: 255882


Insertion Sorted Nearly Ordered Numbers: 
-------------------------------------------------
   0    1    2    3    4    5    5    6    7    8
   9   11   12   13   14   15   15   16   17   18
  19   21   22   23   24   25   25   26   27   28
  29   31   32   33   34   35   35   36   37   38
  39   41   42   43   44   45   45   46   47   48
  49   51   52   53   54   55   55   56   57   58
  59   61   62   63   64   65   65   66   67   68
  69   71   72   73   74   75   75   76   77   78
  79   81   82   83   84   85   85   86   87   88
  89   91   92   93   94   95   95   96   97   98
  99  101  102  103  104  105  105  106  107  108
 109  111  112  113  114  115  115  116  117  118
 119  121  122  123  124  125  125  126  127  128
 129  131  132  133  134  135  135  136  137  138
 139  141  142  143  144  145  145  146  147  148
 149  151  152  153  154  155  155  156  157  158
 159  161  162  163  164  165  165  166  167  168
 169  171  172  173  174  175  175  176  177  178
 179  181  182  183  184  185  185  186  187  188
 189  191  192  193  194  195  195  196  197  198
 199  201  202  203  204  205  205  206  207  208
 209  211  212  213  214  215  215  216  217  218
 219  221  222  223  224  225  225  226  227  228
 229  231  232  233  234  235  235  236  237  238
 239  241  242  243  244  245  245  246  247  248
 249  251  252  253  254  255  255  256  257  258
 259  261  262  263  264  265  265  266  267  268
 269  271  272  273  274  275  275  276  277  278
 279  281  282  283  284  285  285  286  287  288
 289  291  292  293  294  295  295  296  297  298
 299  301  302  303  304  305  305  306  307  308
 309  311  312  313  314  315  315  316  317  318
 319  321  322  323  324  325  325  326  327  328
 329  331  332  333  334  335  335  336  337  338
 339  341  342  343  344  345  345  346  347  348
 349  351  352  353  354  355  355  356  357  358
 359  361  362  363  364  365  365  366  367  368
 369  371  372  373  374  375  375  376  377  378
 379  381  382  383  384  385  385  386  387  388
 389  391  392  393  394  395  395  396  397  398
 399  401  402  403  404  405  405  406  407  408
 409  411  412  413  414  415  415  416  417  418
 419  421  422  423  424  425  425  426  427  428
 429  431  432  433  434  435  435  436  437  438
 439  441  442  443  444  445  445  446  447  448
 449  451  452  453  454  455  455  456  457  458
 459  461  462  463  464  465  465  466  467  468
 469  471  472  473  474  475  475  476  477  478
 479  481  482  483  484  485  485  486  487  488
 489  491  492  493  494  495  495  496  497  498
 499  501  502  503  504  505  505  506  507  508
 509  511  512  513  514  515  515  516  517  518
 519  521  522  523  524  525  525  526  527  528
 529  531  532  533  534  535  535  536  537  538
 539  541  542  543  544  545  545  546  547  548
 549  551  552  553  554  555  555  556  557  558
 559  561  562  563  564  565  565  566  567  568
 569  571  572  573  574  575  575  576  577  578
 579  581  582  583  584  585  585  586  587  588
 589  591  592  593  594  595  595  596  597  598
 599  601  602  603  604  605  605  606  607  608
 609  611  612  613  614  615  615  616  617  618
 619  621  622  623  624  625  625  626  627  628
 629  631  632  633  634  635  635  636  637  638
 639  641  642  643  644  645  645  646  647  648
 649  651  652  653  654  655  655  656  657  658
 659  661  662  663  664  665  665  666  667  668
 669  671  672  673  674  675  675  676  677  678
 679  681  682  683  684  685  685  686  687  688
 689  691  692  693  694  695  695  696  697  698
 699  701  702  703  704  705  705  706  707  708
 709  711  712  713  714  715  715  716  717  718
 719  721  722  723  724  725  725  726  727  728
 729  731  732  733  734  735  735  736  737  738
 739  741  742  743  744  745  745  746  747  748
 749  751  752  753  754  755  755  756  757  758
 759  761  762  763  764  765  765  766  767  768
 769  771  772  773  774  775  775  776  777  778
 779  781  782  783  784  785  785  786  787  788
 789  791  792  793  794  795  795  796  797  798
 799  801  802  803  804  805  805  806  807  808
 809  811  812  813  814  815  815  816  817  818
 819  821  822  823  824  825  825  826  827  828
 829  831  832  833  834  835  835  836  837  838
 839  841  842  843  844  845  845  846  847  848
 849  851  852  853  854  855  855  856  857  858
 859  861  862  863  864  865  865  866  867  868
 869  871  872  873  874  875  875  876  877  878
 879  881  882  883  884  885  885  886  887  888
 889  891  892  893  894  895  895  896  897  898
 899  901  902  903  904  905  905  906  907  908
 909  911  912  913  914  915  915  916  917  918
 919  921  922  923  924  925  925  926  927  928
 929  931  932  933  934  935  935  936  937  938
 939  941  942  943  944  945  945  946  947  948
 949  951  952  953  954  955  955  956  957  958
 959  961  962  963  964  965  965  966  967  968
 969  971  972  973  974  975  975  976  977  978
 979  981  982  983  984  985  985  986  987  988
 989  991  992  993  994  995  996  997  998  999

Moves:    396		      Comparisons:   1395


-------------------------------------------------

. . . . . . . . . . . . . . . . . . . . . . . . .

Insertion Sorted Random Numbers:
-------------------------------------------------
   1    1    1    2    2    3    4    4    4    4
   6    7    9   10   10   11   11   12   13   15
  15   16   18   22   22   23   25   27   30   32
  33   33   33   35   35   37   38   38   39   40
  40   41   42   43   43   44   44   45   46   48
  51   52   53   53   54   55   56   57   58   58
  58   58   58   61   62   66   66   68   69   69
  69   70   73   73   74   77   77   78   79   80
  81   81   86   86   86   86   87   87   89   89
  91   92   94   95   95   96   96   97   97  100
 101  102  102  104  108  109  109  110  111  112
 114  115  115  115  115  117  117  119  121  122
 123  123  124  124  125  125  125  126  128  130
 130  130  130  130  130  131  133  134  136  136
 136  138  141  142  142  143  144  144  145  148
 148  150  150  151  153  153  157  157  159  161
 163  163  163  164  165  165  166  166  166  167
 167  168  169  170  171  173  173  174  175  177
 178  180  180  185  185  186  187  188  190  190
 191  191  192  192  192  192  192  193  194  196
 197  197  200  200  200  202  204  204  205  205
 205  205  206  206  206  207  214  214  215  216
 216  216  217  217  217  218  218  220  221  224
 224  225  225  226  226  228  229  231  233  233
 235  236  237  239  241  242  243  244  245  245
 245  247  248  249  249  252  253  253  255  255
 256  256  256  256  256  257  258  260  261  261
 262  263  264  266  268  268  269  270  270  271
 271  272  275  276  276  276  276  276  277  278
 278  278  278  278  279  280  280  281  281  281
 284  285  286  287  288  289  291  291  292  292
 293  294  294  295  297  297  298  298  298  299
 301  301  302  306  306  306  307  308  309  309
 311  311  312  312  312  313  313  316  316  317
 317  317  319  322  323  324  324  326  330  334
 334  334  337  338  341  344  344  344  345  346
 347  348  349  350  354  354  354  355  356  357
 358  358  359  361  365  365  367  368  369  369
 369  370  372  372  373  373  374  374  375  376
 378  379  380  381  382  384  385  386  387  387
 388  389  389  390  391  393  395  395  396  396
 397  397  398  399  399  400  400  400  401  402
 402  402  404  404  406  407  408  409  409  410
 411  412  412  415  416  418  419  419  422  422
 424  424  425  426  429  430  432  433  435  435
 436  437  438  440  440  447  447  448  448  449
 449  450  453  453  453  455  455  456  457  458
 461  461  462  462  462  462  463  463  463  463
 464  465  468  469  472  474  474  476  476  477
 478  479  480  480  482  482  483  483  483  487
 488  490  490  491  491  492  492  494  498  501
 502  503  506  507  508  510  511  511  513  517
 517  519  520  520  521  523  524  525  525  526
 527  528  529  529  531  531  532  533  533  534
 535  535  536  538  541  544  545  546  546  547
 547  547  550  551  553  553  554  555  555  555
 556  557  557  558  558  559  560  560  561  563
 563  564  565  566  567  568  568  568  568  569
 569  569  569  571  571  572  573  573  573  574
 575  578  580  581  582  583  584  584  584  584
 586  588  588  589  589  589  591  591  592  593
 594  596  596  597  597  597  597  600  600  601
 603  604  604  605  608  608  609  610  610  610
 611  612  612  614  614  615  616  617  618  618
 618  619  619  620  622  622  623  624  625  627
 628  628  630  633  633  639  639  639  640  640
 641  642  642  644  645  646  646  646  647  647
 648  648  649  652  654  655  656  656  657  658
 660  661  662  663  663  665  669  671  673  674
 678  678  679  680  680  681  682  683  686  686
 687  691  693  698  699  703  703  705  705  706
 711  712  712  712  713  714  715  717  717  717
 720  720  722  723  724  724  724  727  729  732
 733  734  735  735  735  735  737  737  737  737
 738  739  742  743  743  743  744  745  746  748
 751  752  754  756  756  758  759  759  759  762
 762  762  763  763  764  764  764  766  767  768
 768  769  769  769  770  772  773  774  776  778
 780  781  783  783  783  784  784  784  785  785
 787  789  789  790  791  791  792  792  793  795
 796  797  798  801  802  802  803  803  806  807
 807  808  809  809  810  811  812  813  813  814
 815  815  815  816  816  819  822  828  828  829
 831  832  833  834  834  836  836  838  840  841
 845  846  848  848  849  849  850  850  850  851
 851  852  852  855  855  856  856  858  858  859
 860  860  862  863  866  869  870  870  872  872
 872  874  874  878  878  880  882  884  888  888
 888  891  892  893  893  894  895  897  899  902
 902  903  904  905  905  906  907  907  909  911
 912  913  915  917  918  919  919  920  921  921
 921  922  923  924  925  926  927  928  929  929
 930  934  935  935  936  936  936  937  938  940
 941  942  943  943  946  946  947  947  948  948
 949  950  951  951  952  952  953  955  955  955
 957  957  959  961  961  961  961  962  963  965
 966  967  967  968  968  969  970  971  971  971
 972  974  975  976  978  980  982  983  984  984
 984  985  985  986  986  986  987  989  989  990
 990  991  991  992  993  995  998  999  999 1000

Moves: 254888                 Comparisons: 255882
. . . . . . . . . . . . . . . . . . . . . . . . .

Insertion Sorted Nearly Ordered Numbers:
-------------------------------------------------
   0    1    2    3    4    5    5    6    7    8
   9   11   12   13   14   15   15   16   17   18
  19   21   22   23   24   25   25   26   27   28
  29   31   32   33   34   35   35   36   37   38
  39   41   42   43   44   45   45   46   47   48
  49   51   52   53   54   55   55   56   57   58
  59   61   62   63   64   65   65   66   67   68
  69   71   72   73   74   75   75   76   77   78
  79   81   82   83   84   85   85   86   87   88
  89   91   92   93   94   95   95   96   97   98
  99  101  102  103  104  105  105  106  107  108
 109  111  112  113  114  115  115  116  117  118
 119  121  122  123  124  125  125  126  127  128
 129  131  132  133  134  135  135  136  137  138
 139  141  142  143  144  145  145  146  147  148
 149  151  152  153  154  155  155  156  157  158
 159  161  162  163  164  165  165  166  167  168
 169  171  172  173  174  175  175  176  177  178
 179  181  182  183  184  185  185  186  187  188
 189  191  192  193  194  195  195  196  197  198
 199  201  202  203  204  205  205  206  207  208
 209  211  212  213  214  215  215  216  217  218
 219  221  222  223  224  225  225  226  227  228
 229  231  232  233  234  235  235  236  237  238
 239  241  242  243  244  245  245  246  247  248
 249  251  252  253  254  255  255  256  257  258
 259  261  262  263  264  265  265  266  267  268
 269  271  272  273  274  275  275  276  277  278
 279  281  282  283  284  285  285  286  287  288
 289  291  292  293  294  295  295  296  297  298
 299  301  302  303  304  305  305  306  307  308
 309  311  312  313  314  315  315  316  317  318
 319  321  322  323  324  325  325  326  327  328
 329  331  332  333  334  335  335  336  337  338
 339  341  342  343  344  345  345  346  347  348
 349  351  352  353  354  355  355  356  357  358
 359  361  362  363  364  365  365  366  367  368
 369  371  372  373  374  375  375  376  377  378
 379  381  382  383  384  385  385  386  387  388
 389  391  392  393  394  395  395  396  397  398
 399  401  402  403  404  405  405  406  407  408
 409  411  412  413  414  415  415  416  417  418
 419  421  422  423  424  425  425  426  427  428
 429  431  432  433  434  435  435  436  437  438
 439  441  442  443  444  445  445  446  447  448
 449  451  452  453  454  455  455  456  457  458
 459  461  462  463  464  465  465  466  467  468
 469  471  472  473  474  475  475  476  477  478
 479  481  482  483  484  485  485  486  487  488
 489  491  492  493  494  495  495  496  497  498
 499  501  502  503  504  505  505  506  507  508
 509  511  512  513  514  515  515  516  517  518
 519  521  522  523  524  525  525  526  527  528
 529  531  532  533  534  535  535  536  537  538
 539  541  542  543  544  545  545  546  547  548
 549  551  552  553  554  555  555  556  557  558
 559  561  562  563  564  565  565  566  567  568
 569  571  572  573  574  575  575  576  577  578
 579  581  582  583  584  585  585  586  587  588
 589  591  592  593  594  595  595  596  597  598
 599  601  602  603  604  605  605  606  607  608
 609  611  612  613  614  615  615  616  617  618
 619  621  622  623  624  625  625  626  627  628
 629  631  632  633  634  635  635  636  637  638
 639  641  642  643  644  645  645  646  647  648
 649  651  652  653  654  655  655  656  657  658
 659  661  662  663  664  665  665  666  667  668
 669  671  672  673  674  675  675  676  677  678
 679  681  682  683  684  685  685  686  687  688
 689  691  692  693  694  695  695  696  697  698
 699  701  702  703  704  705  705  706  707  708
 709  711  712  713  714  715  715  716  717  718
 719  721  722  723  724  725  725  726  727  728
 729  731  732  733  734  735  735  736  737  738
 739  741  742  743  744  745  745  746  747  748
 749  751  752  753  754  755  755  756  757  758
 759  761  762  763  764  765  765  766  767  768
 769  771  772  773  774  775  775  776  777  778
 779  781  782  783  784  785  785  786  787  788
 789  791  792  793  794  795  795  796  797  798
 799  801  802  803  804  805  805  806  807  808
 809  811  812  813  814  815  815  816  817  818
 819  821  822  823  824  825  825  826  827  828
 829  831  832  833  834  835  835  836  837  838
 839  841  842  843  844  845  845  846  847  848
 849  851  852  853  854  855  855  856  857  858
 859  861  862  863  864  865  865  866  867  868
 869  871  872  873  874  875  875  876  877  878
 879  881  882  883  884  885  885  886  887  888
 889  891  892  893  894  895  895  896  897  898
 899  901  902  903  904  905  905  906  907  908
 909  911  912  913  914  915  915  916  917  918
 919  921  922  923  924  925  925  926  927  928
 929  931  932  933  934  935  935  936  937  938
 939  941  942  943  944  945  945  946  947  948
 949  951  952  953  954  955  955  956  957  958
 959  961  962  963  964  965  965  966  967  968
 969  971  972  973  974  975  975  976  977  978
 979  981  982  983  984  985  985  986  987  988
 989  991  992  993  994  995  996  997  998  999

Moves:    396                 Comparisons:   1395


Press Enter to continue...





















































-------------------------------------------------

Would you like to perform a search (Y/N)?       y

-------------------------------------------------
      Search the sorted random array below.
-------------------------------------------------
   1    1    1    2    2    3    4    4    4    4
   6    7    9   10   10   11   11   12   13   15
  15   16   18   22   22   23   25   27   30   32
  33   33   33   35   35   37   38   38   39   40
  40   41   42   43   43   44   44   45   46   48
  51   52   53   53   54   55   56   57   58   58
  58   58   58   61   62   66   66   68   69   69
  69   70   73   73   74   77   77   78   79   80
  81   81   86   86   86   86   87   87   89   89
  91   92   94   95   95   96   96   97   97  100
 101  102  102  104  108  109  109  110  111  112
 114  115  115  115  115  117  117  119  121  122
 123  123  124  124  125  125  125  126  128  130
 130  130  130  130  130  131  133  134  136  136
 136  138  141  142  142  143  144  144  145  148
 148  150  150  151  153  153  157  157  159  161
 163  163  163  164  165  165  166  166  166  167
 167  168  169  170  171  173  173  174  175  177
 178  180  180  185  185  186  187  188  190  190
 191  191  192  192  192  192  192  193  194  196
 197  197  200  200  200  202  204  204  205  205
 205  205  206  206  206  207  214  214  215  216
 216  216  217  217  217  218  218  220  221  224
 224  225  225  226  226  228  229  231  233  233
 235  236  237  239  241  242  243  244  245  245
 245  247  248  249  249  252  253  253  255  255
 256  256  256  256  256  257  258  260  261  261
 262  263  264  266  268  268  269  270  270  271
 271  272  275  276  276  276  276  276  277  278
 278  278  278  278  279  280  280  281  281  281
 284  285  286  287  288  289  291  291  292  292
 293  294  294  295  297  297  298  298  298  299
 301  301  302  306  306  306  307  308  309  309
 311  311  312  312  312  313  313  316  316  317
 317  317  319  322  323  324  324  326  330  334
 334  334  337  338  341  344  344  344  345  346
 347  348  349  350  354  354  354  355  356  357
 358  358  359  361  365  365  367  368  369  369
 369  370  372  372  373  373  374  374  375  376
 378  379  380  381  382  384  385  386  387  387
 388  389  389  390  391  393  395  395  396  396
 397  397  398  399  399  400  400  400  401  402
 402  402  404  404  406  407  408  409  409  410
 411  412  412  415  416  418  419  419  422  422
 424  424  425  426  429  430  432  433  435  435
 436  437  438  440  440  447  447  448  448  449
 449  450  453  453  453  455  455  456  457  458
 461  461  462  462  462  462  463  463  463  463
 464  465  468  469  472  474  474  476  476  477
 478  479  480  480  482  482  483  483  483  487
 488  490  490  491  491  492  492  494  498  501
 502  503  506  507  508  510  511  511  513  517
 517  519  520  520  521  523  524  525  525  526
 527  528  529  529  531  531  532  533  533  534
 535  535  536  538  541  544  545  546  546  547
 547  547  550  551  553  553  554  555  555  555
 556  557  557  558  558  559  560  560  561  563
 563  564  565  566  567  568  568  568  568  569
 569  569  569  571  571  572  573  573  573  574
 575  578  580  581  582  583  584  584  584  584
 586  588  588  589  589  589  591  591  592  593
 594  596  596  597  597  597  597  600  600  601
 603  604  604  605  608  608  609  610  610  610
 611  612  612  614  614  615  616  617  618  618
 618  619  619  620  622  622  623  624  625  627
 628  628  630  633  633  639  639  639  640  640
 641  642  642  644  645  646  646  646  647  647
 648  648  649  652  654  655  656  656  657  658
 660  661  662  663  663  665  669  671  673  674
 678  678  679  680  680  681  682  683  686  686
 687  691  693  698  699  703  703  705  705  706
 711  712  712  712  713  714  715  717  717  717
 720  720  722  723  724  724  724  727  729  732
 733  734  735  735  735  735  737  737  737  737
 738  739  742  743  743  743  744  745  746  748
 751  752  754  756  756  758  759  759  759  762
 762  762  763  763  764  764  764  766  767  768
 768  769  769  769  770  772  773  774  776  778
 780  781  783  783  783  784  784  784  785  785
 787  789  789  790  791  791  792  792  793  795
 796  797  798  801  802  802  803  803  806  807
 807  808  809  809  810  811  812  813  813  814
 815  815  815  816  816  819  822  828  828  829
 831  832  833  834  834  836  836  838  840  841
 845  846  848  848  849  849  850  850  850  851
 851  852  852  855  855  856  856  858  858  859
 860  860  862  863  866  869  870  870  872  872
 872  874  874  878  878  880  882  884  888  888
 888  891  892  893  893  894  895  897  899  902
 902  903  904  905  905  906  907  907  909  911
 912  913  915  917  918  919  919  920  921  921
 921  922  923  924  925  926  927  928  929  929
 930  934  935  935  936  936  936  937  938  940
 941  942  943  943  946  946  947  947  948  948
 949  950  951  951  952  952  953  955  955  955
 957  957  959  961  961  961  961  962  963  965
 966  967  967  968  968  969  970  971  971  971
 972  974  975  976  978  980  982  983  984  984
 984  985  985  986  986  986  987  989  989  990
 990  991  991  992  993  995  998  999  999 1000
-------------------------------------------------

LINEAR   -   In the order that they are found.

Enter search parameter: 717

3 matched 717 @ index:  717  718  719

Moves:      0                 Comparisons:   1000

-------------------------------------------------

BINARY   -   In the order that they are found.

Enter search parameter: 717

3 matched 717 @ index:  717  718  719

Moves:      0                 Comparisons:     33

-------------------------------------------------

Search again (Y/N)? y

LINEAR   -   In the order that they are found.

Enter search parameter: 999

2 matched 999 @ index:  997  998

Moves:      0                 Comparisons:   1000

-------------------------------------------------

BINARY   -   In the order that they are found.

Enter search parameter: 999

2 matched 999 @ index:  998  997

Moves:      0                 Comparisons:     46

-------------------------------------------------

Search again (Y/N)? y

LINEAR   -   In the order that they are found.

Enter search parameter: 584

4 matched 584 @ index:  596  597  598  599

Moves:      0                 Comparisons:   1000

-------------------------------------------------

BINARY   -   In the order that they are found.

Enter search parameter: 584

4 matched 584 @ index:  596  597  598  599

Moves:      0                 Comparisons:     49

-------------------------------------------------

Search again (Y/N)? n

-------------------------------------------------

Press Enter to continue...






















































===================================================================
   Press enter to generate a report with ONLY the array data...
===================================================================

This data is being written to the file 'SortComparison.txt' in
                   your current working directory.

===================================================================

Process returned 0 (0x0)   execution time : 170.331 s
Press any key to continue.
