
Unsorted Random Numbers: 
-------------------------------------------------
 812  895  222  509  937  597  516  335  878  735
 677  682  685  625  247  432  609  539  403  356
 945  429  834  143  758  171  558  174  344  800
 930   89  158  599  476   39  149  871  194  520
 996  583  283  883  941  699  448  834  733  622


Unsorted Nearly Ordered Numbers: 
-------------------------------------------------
   0    1    2    3    4    5    6    7    8    9
   5   11   12   13   14   15   16   17   18   19
  15   21   22   23   24   25   26   27   28   29
  25   31   32   33   34   35   36   37   38   39
  35   41   42   43   44   45   46   47   48   49


Selection Sorted Random Numbers: 
-------------------------------------------------
  39   89  143  149  158  171  174  194  222  247
 283  335  344  356  403  429  432  448  476  509
 516  520  539  558  583  597  599  609  622  625
 677  682  685  699  733  735  758  800  812  834
 834  871  878  883  895  930  937  941  945  996

Moves:    190		      Comparisons:   1225


Selection Sorted Nearly Ordered Numbers: 
-------------------------------------------------
   0    1    2    3    4    5    5    6    7    8
   9   11   12   13   14   15   15   16   17   18
  19   21   22   23   24   25   25   26   27   28
  29   31   32   33   34   35   35   36   37   38
  39   41   42   43   44   45   46   47   48   49

Moves:     65		      Comparisons:   1225


Bubble Sorted Random Numbers: 
-------------------------------------------------
  39   89  143  149  158  171  174  194  222  247
 283  335  344  356  403  429  432  448  476  509
 516  520  539  558  583  597  599  609  622  625
 677  682  685  699  733  735  758  800  812  834
 834  871  878  883  895  930  937  941  945  996

Moves:    631		      Comparisons:   1225


Bubble Sorted Nearly Ordered Numbers: 
-------------------------------------------------
   0    1    2    3    4    5    5    6    7    8
   9   11   12   13   14   15   15   16   17   18
  19   21   22   23   24   25   25   26   27   28
  29   31   32   33   34   35   35   36   37   38
  39   41   42   43   44   45   46   47   48   49

Moves:     16		      Comparisons:   1225


Insertion Sorted Random Numbers: 
-------------------------------------------------
  39   89  143  149  158  171  174  194  222  247
 283  335  344  356  403  429  432  448  476  509
 516  520  539  558  583  597  599  609  622  625
 677  682  685  699  733  735  758  800  812  834
 834  871  878  883  895  930  937  941  945  996

Moves:    631		      Comparisons:    676


Insertion Sorted Nearly Ordered Numbers: 
-------------------------------------------------
   0    1    2    3    4    5    5    6    7    8
   9   11   12   13   14   15   15   16   17   18
  19   21   22   23   24   25   25   26   27   28
  29   31   32   33   34   35   35   36   37   38
  39   41   42   43   44   45   46   47   48   49

Moves:     16		      Comparisons:     65
